/*
  0000    1100    0011    1111    0000    1100    0011    1111    0000    1100    0011    1111    0000    1100    0011    1111  
 001100  001100  001100  001100  001100  001100  001100  001100  001100  001100  001100  001100  001100  001100  001100  001100 
  0000    0000    0000    0000    1100    1100    1100    1100    0011    0011    0011    0011    1111    1111    1111    1111  */
  "??"    "??"    "??"    "??"    "??"    "??"    "??"    "??"    "??"    "??"    "??"    "??"    "??"    "??"    "??"    "??"  
/*
  0000    1100    0011    1111    0000    1100    0011    1111    0000    1100    0011    1111    0000    1100    0011    1111  
 111100  111100  111100  111100  111100  111100  111100  111100  111100  111100  111100  111100  111100  111100  111100  111100 
  0000    0000    0000    0000    1100    1100    1100    1100    0011    0011    0011    0011    1111    1111    1111    1111  */
  "??"    "??"    "??"    "??"    "??"    "??"    "??"    "??"    "??"    "??"    "??"    "??"    "??"    "??"    "??"    "??"  
/*
  0000    1100    0011    1111    0000    1100    0011    1111    0000    1100    0011    1111    0000    1100    0011    1111  
 001111  001111  001111  001111  001111  001111  001111  001111  001111  001111  001111  001111  001111  001111  001111  001111 
  0000    0000    0000    0000    1100    1100    1100    1100    0011    0011    0011    0011    1111    1111    1111    1111  */
  "??"    "??"    "??"    "??"    "??"    "??"    "??"    "??"    "??"    "??"    "??"    "??"    "??"    "??"    "??"    "??"  
/*
  0000    1100    0011    1111    0000    1100    0011    1111    0000    1100    0011    1111    0000    1100    0011    1111  
 111111  111111  111111  111111  111111  111111  111111  111111  111111  111111  111111  111111  111111  111111  111111  111111 
  0000    0000    0000    0000    1100    1100    1100    1100    0011    0011    0011    0011    1111    1111    1111    1111  */
  "??"    "??"    "??"    "??"    "??"    "??"    "??"    "??"    "??"    "??"    "??"    "??"    "??"    "??"    "??"    "??"  
